4  10  5  2  8  1  3  13  12  0  6  7  15  9  14  11
y^7 : 3
y^11 : 7
y^13 : 8
y^14 : 2
===================================================
4  5  3  2  11  10  12  13  15  14  8  9  0  1  7  6
2 : 6
4 : 15
8 : 8
===================================================
2  5  9  8  13  11  3  4  15  0  10  1  12  6  7  14
7 : 11
11 : 6
13 : 12
14 : 6
13,  11,  14,  8 , 12,  10 , 15,  9 , 4 , 2  ,7  ,1 , 5 , 3,  6  ,0
1 : 4
4 : 7
8 : 5
===================================================
12,9,0,5,10,15,6,3,8,13,4,1,14,11,2,7
1 : 6
2 : 4
4 : 4
8 : 3
===================================================