============  Begin với g_k(x,a) k = 1,2,3,.... còn a = 1 =================================================================
============================================================
[0, 1]
[0, 1, 2, 3, 4, 5, 6, 7, 8, 9, 10, 11, 12, 13, 14, 15] 1
============================================================
============================================================
[0, 0, 1]
[0, 1, 4, 5, 3, 2, 7, 6, 12, 13, 8, 9, 15, 14, 11, 10] 1
============================================================
============================================================
[0, 1, 0, 1]
[0, 0, 10, 12, 8, 15, 7, 6, 2, 6, 5, 7, 4, 7, 6, 3] 3
============================================================
============================================================
[0, 0, 0, 0, 1]
[0, 1, 3, 2, 5, 4, 6, 7, 15, 14, 12, 13, 10, 11, 9, 8] 1
============================================================
============================================================
[0, 1, 0, 1, 0, 1]
[0, 1, 12, 10, 15, 8, 0, 0, 3, 1, 4, 1, 5, 1, 1, 2] 5
============================================================
============================================================
[0, 0, 1, 0, 0, 0, 1]
[0, 0, 8, 15, 12, 10, 6, 7, 4, 7, 2, 6, 3, 6, 7, 5] 3
============================================================
============================================================
[0, 1, 0, 0, 0, 1, 0, 1]
[0, 1, 15, 8, 10, 12, 7, 6, 5, 11, 3, 14, 2, 9, 13, 4] 1  max = 3
============================================================
============================================================
[0, 0, 0, 0, 0, 0, 0, 0, 1]
[0, 1, 5, 4, 2, 3, 7, 6, 10, 11, 15, 14, 8, 9, 13, 12] 1
============================================================
============================================================
[0, 1, 0, 0, 0, 1, 0, 1, 0, 1]
[0, 0, 5, 4, 2, 3, 6, 7, 10, 7, 15, 6, 8, 6, 7, 12] 3
============================================================
============================================================
[0, 0, 1, 0, 0, 0, 1, 0, 0, 0, 1]
[0, 1, 15, 8, 10, 12, 0, 0, 5, 1, 3, 1, 2, 1, 1, 4] 5
============================================================
============================================================
[0, 1, 0, 1, 0, 1, 0, 0, 0, 1, 0, 1]  max : 5
[0, 1, 8, 15, 12, 10, 6, 7, 4, 14, 2, 13, 3, 11, 9, 5] 1
============================================================
============================================================
[0, 0, 0, 0, 1, 0, 0, 0, 0, 0, 0, 0, 1]
[0, 0, 12, 10, 15, 8, 7, 6, 3, 6, 4, 7, 5, 7, 6, 2] 3
============================================================
============================================================
[0, 1, 0, 1, 0, 0, 0, 0, 0, 1, 0, 1, 0, 1] max = 5
[0, 1, 3, 2, 5, 4, 7, 6, 15, 13, 12, 9, 10, 14, 11, 8] 1
============================================================
============================================================
[0, 0, 1, 0, 0, 0, 0, 0, 0, 0, 1, 0, 0, 0, 1]  max : 3
[0, 1, 10, 12, 8, 15, 6, 7, 2, 9, 5, 11, 4, 13, 14, 3] 1
============================================================
============================================================
[0, 1, 0, 0, 0, 0, 0, 0, 0, 1, 0, 0, 0, 1, 0, 1]
[0, 0, 4, 5, 3, 2, 0, 0, 12, 0, 8, 0, 15, 0, 0, 10] 15
============================================================

============  End với g_k(x,a) k = 1,2,3,.... còn a = 1 =================================================================

============  Begin với g_k(x,a) k = 1,2,3,.... còn a = x =================================================================
============================================================
[0, 1]
[0, 1, 2, 3, 4, 5, 6, 7, 8, 9, 10, 11, 12, 13, 14, 15] 1
============================================================
============================================================
[0, 0, 1]
[0, 1, 4, 5, 3, 2, 7, 6, 12, 13, 8, 9, 15, 14, 11, 10] 1
============================================================
============================================================
[0, 2, 0, 1]
[0, 3, 12, 9, 4, 0, 13, 15, 9, 14, 8, 9, 3, 3, 7, 1] 3
============================================================
============================================================
[0, 0, 0, 0, 1]
[0, 1, 3, 2, 5, 4, 6, 7, 15, 14, 12, 13, 10, 11, 9, 8] 1
============================================================
============================================================
[0, 4, 0, 2, 0, 1]
[0, 7, 13, 7, 15, 7, 14, 11, 0, 8, 2, 7, 7, 0, 9, 3] 5
============================================================
============================================================
[0, 0, 4, 0, 0, 0, 1]
[0, 5, 15, 13, 3, 0, 14, 10, 13, 11, 12, 13, 5, 5, 6, 1] 3
============================================================
============================================================
[0, 8, 0, 0, 0, 2, 0, 1]  max : 3
[0, 11, 4, 10, 1, 14, 13, 6, 2, 15, 5, 8, 7, 12, 3, 9] 1
============================================================
============================================================
[0, 0, 0, 0, 0, 0, 0, 0, 1]
[0, 1, 5, 4, 2, 3, 7, 6, 10, 11, 15, 14, 8, 9, 13, 12] 1
============================================================
============================================================
[0, 3, 0, 0, 0, 4, 0, 2, 0, 1]
[0, 4, 2, 11, 10, 0, 8, 13, 11, 1, 6, 11, 4, 4, 12, 9] 3
============================================================
============================================================
[0, 0, 3, 0, 0, 0, 4, 0, 0, 0, 1]
[0, 6, 14, 6, 10, 6, 11, 9, 0, 12, 4, 6, 6, 0, 13, 5] 5
============================================================
============================================================
[0, 6, 0, 3, 0, 8, 0, 0, 0, 2, 0, 1] max : 5
[0, 14, 11, 15, 9, 13, 12, 3, 5, 4, 2, 10, 6, 8, 1, 7] 1
============================================================
============================================================
[0, 0, 0, 0, 3, 0, 0, 0, 0, 0, 0, 0, 1]
[0, 2, 10, 14, 5, 0, 11, 8, 14, 9, 15, 14, 2, 2, 7, 1] 3
============================================================
============================================================
[0, 12, 0, 6, 0, 0, 0, 0, 0, 4, 0, 2, 0, 1]  max : 5
[0, 13, 2, 12, 6, 9, 4, 11, 3, 5, 8, 15, 7, 10, 14, 1] 1
============================================================
============================================================
[0, 0, 12, 0, 0, 0, 0, 0, 0, 0, 4, 0, 0, 0, 1]
[0, 9, 3, 8, 1, 11, 14, 7, 4, 10, 2, 12, 6, 15, 5, 13] 1
============================================================
============================================================
[0, 11, 0, 0, 0, 0, 0, 0, 0, 8, 0, 0, 0, 2, 0, 1]
[0, 0, 2, 0, 8, 0, 10, 3, 0, 15, 4, 0, 0, 0, 12, 5] 15
============================================================
============  End với g_k(x,a) k = 1,2,3,.... còn a = x =================================================================
