[0, 1]
begin
1   1   1   1   1   1   1   1   1   1   1   1   1   1   1   1
1   1   1   1   1   1   1   1   1   1   1   1   1   1   1   1
1   1   1   1   1   1   1   1   1   1   1   1   1   1   1   1
1   1   1   1   1   1   1   1   1   1   1   1   1   1   1   1
1   1   1   1   1   1   1   1   1   1   1   1   1   1   1   1
1   1   1   1   1   1   1   1   1   1   1   1   1   1   1   1
1   1   1   1   1   1   1   1   1   1   1   1   1   1   1   1
1   1   1   1   1   1   1   1   1   1   1   1   1   1   1   1
1   1   1   1   1   1   1   1   1   1   1   1   1   1   1   1   
1   1   1   1   1   1   1   1   1   1   1   1   1   1   1   1
1   1   1   1   1   1   1   1   1   1   1   1   1   1   1   1
1   1   1   1   1   1   1   1   1   1   1   1   1   1   1   1
1   1   1   1   1   1   1   1   1   1   1   1   1   1   1   1
1   1   1   1   1   1   1   1   1   1   1   1   1   1   1   1
max :  1
============================================================
============================================================
[0, 0, 1]
begin
1   1   1   1   1   1   1   1   1   1   1   1   1   1   1   1
1   1   1   1   1   1   1   1   1   1   1   1   1   1   1   1
1   1   1   1   1   1   1   1   1   1   1   1   1   1   1   1
1   1   1   1   1   1   1   1   1   1   1   1   1   1   1   1
1   1   1   1   1   1   1   1   1   1   1   1   1   1   1   1
1   1   1   1   1   1   1   1   1   1   1   1   1   1   1   1
1   1   1   1   1   1   1   1   1   1   1   1   1   1   1   1   
1   1   1   1   1   1   1   1   1   1   1   1   1   1   1   1
1   1   1   1   1   1   1   1   1   1   1   1   1   1   1   1
1   1   1   1   1   1   1   1   1   1   1   1   1   1   1   1
1   1   1   1   1   1   1   1   1   1   1   1   1   1   1   1
1   1   1   1   1   1   1   1   1   1   1   1   1   1   1   1
1   1   1   1   1   1   1   1   1   1   1   1   1   1   1   1
1   1   1   1   1   1   1   1   1   1   1   1   1   1   1   1
max :  1
============================================================
============================================================
[0, 2, 0, 1]
begin
2   0   1   0   1   0   1   1   3   1   1   0   0   3   1   1
2   3   0   0   1   1   0   3   0   1   1   1   1   1   1   0
2   1   1   1   3   1   0   1   0   0   1   0   0   1   1   3
2   0   0   1   1   0   1   1   1   0   1   1   3   1   3   0
1   1   1   1   1   1   1   1   1   1   1   1   1   1   1   1
1   1   1   1   1   1   1   1   1   1   1   1   1   1   1   1
2   0   1   0   0   1   1   1   0   3   3   1   1   1   0   1   
2   0   1   0   1   0   1   1   3   1   1   0   0   3   1   1
2   1   1   3   1   1   1   0   1   0   3   1   0   0   1   0
2   0   0   1   1   0   1   1   1   0   1   1   3   1   3   0
2   1   1   3   1   1   1   0   1   0   3   1   0   0   1   0
2   1   1   1   3   1   0   1   0   0   1   0   0   1   1   3
2   3   0   0   1   1   0   3   0   1   1   1   1   1   1   0
2   0   1   0   0   1   1   1   0   3   3   1   1   1   0   1
max :  3
============================================================
============================================================
[0, 0, 0, 0, 1]
begin
1   1   1   1   1   1   1   1   1   1   1   1   1   1   1   1
1   1   1   1   1   1   1   1   1   1   1   1   1   1   1   1
1   1   1   1   1   1   1   1   1   1   1   1   1   1   1   1
1   1   1   1   1   1   1   1   1   1   1   1   1   1   1   1
1   1   1   1   1   1   1   1   1   1   1   1   1   1   1   1
1   1   1   1   1   1   1   1   1   1   1   1   1   1   1   1
1   1   1   1   1   1   1   1   1   1   1   1   1   1   1   1
1   1   1   1   1   1   1   1   1   1   1   1   1   1   1   1
1   1   1   1   1   1   1   1   1   1   1   1   1   1   1   1
1   1   1   1   1   1   1   1   1   1   1   1   1   1   1   1
1   1   1   1   1   1   1   1   1   1   1   1   1   1   1   1
1   1   1   1   1   1   1   1   1   1   1   1   1   1   1   1   
1   1   1   1   1   1   1   1   1   1   1   1   1   1   1   1
1   1   1   1   1   1   1   1   1   1   1   1   1   1   1   1
max :  1
============================================================
============================================================
[0, 4, 0, 2, 0, 1]
begin
3   0   2   1   0   1   0   1   1   3   2   0   0   0   0   2
3   0   1   2   1   0   0   1   2   0   0   0   2   0   3   1
3   0   0   0   0   2   0   1   3   2   0   2   1   1   1   0
3   0   0   0   2   0   0   1   0   1   1   1   0   2   2   3
2   0   0   0   2   2   0   2   1   1   2   0   2   0   1   1
2   0   0   0   2   2   0   2   1   1   2   0   2   0   1   1   
2   3   0   0   1   1   0   3   0   1   1   1   1   1   1   0
3   0   2   1   0   1   0   1   1   3   2   0   0   0   0   2
2   0   1   1   1   1   3   3   1   0   1   0   1   0   0   1
3   0   0   0   2   0   0   1   0   1   1   1   0   2   2   3
2   0   1   1   1   1   3   3   1   0   1   0   1   0   0   1
3   0   0   0   0   2   0   1   3   2   0   2   1   1   1   0
3   0   1   2   1   0   0   1   2   0   0   0   2   0   3   1
2   3   0   0   1   1   0   3   0   1   1   1   1   1   1   0
max :  3
============================================================
============================================================
[0, 0, 4, 0, 0, 0, 1]
begin
2   0   0   1   1   0   1   1   1   0   1   1   3   1   3   0
2   3   1   1   0   0   3   0   1   1   0   1   0   1   1   1   
2   1   1   3   1   1   1   0   1   0   3   1   0   0   1   0
2   0   0   1   0   1   1   1   1   1   0   3   1   0   1   3
1   1   1   1   1   1   1   1   1   1   1   1   1   1   1   1
1   1   1   1   1   1   1   1   1   1   1   1   1   1   1   1
2   0   1   0   1   0   1   1   3   1   1   0   0   3   1   1
2   0   0   1   1   0   1   1   1   0   1   1   3   1   3   0
2   1   1   1   1   3   0   1   3   1   0   1   1   0   0   0
2   0   0   1   0   1   1   1   1   1   0   3   1   0   1   3   
2   1   1   1   1   3   0   1   3   1   0   1   1   0   0   0
2   1   1   3   1   1   1   0   1   0   3   1   0   0   1   0
2   3   1   1   0   0   3   0   1   1   0   1   0   1   1   1
2   0   1   0   1   0   1   1   3   1   1   0   0   3   1   1
max :  3
============================================================
============================================================
[0, 8, 0, 0, 0, 2, 0, 1]
begin
1   0   0   3   1   3   1   1   1   0   2   1   0   0   0   2
1   2   0   0   1   0   1   1   2   3   1   1   0   3   0   0
1   0   0   0   0   1   3   1   1   1   1   2   0   2   0   3
1   3   0   2   3   1   0   2   1   1   1   1   0   0   0   0
1   1   1   1   1   1   1   1   1   1   1   1   1   1   1   1   
1   1   1   1   1   1   1   1   1   1   1   1   1   1   1   1
1   0   3   1   0   1   0   0   1   1   1   0   3   1   3   0
1   0   0   3   1   3   1   1   1   0   2   1   0   0   0   2
1   1   3   0   1   0   1   1   0   0   0   1   3   0   3   1
1   3   0   2   3   1   0   2   1   1   1   1   0   0   0   0
1   1   3   0   1   0   1   1   0   0   0   1   3   0   3   1
1   0   0   0   0   1   3   1   1   1   1   2   0   2   0   3
1   2   0   0   1   0   1   1   2   3   1   1   0   3   0   0
1   0   3   1   0   1   0   0   1   1   1   0   3   1   3   0
max :  3
============================================================
============================================================
[0, 0, 0, 0, 0, 0, 0, 0, 1]
begin
1   1   1   1   1   1   1   1   1   1   1   1   1   1   1   1   
1   1   1   1   1   1   1   1   1   1   1   1   1   1   1   1
1   1   1   1   1   1   1   1   1   1   1   1   1   1   1   1
1   1   1   1   1   1   1   1   1   1   1   1   1   1   1   1
1   1   1   1   1   1   1   1   1   1   1   1   1   1   1   1
1   1   1   1   1   1   1   1   1   1   1   1   1   1   1   1
1   1   1   1   1   1   1   1   1   1   1   1   1   1   1   1
1   1   1   1   1   1   1   1   1   1   1   1   1   1   1   1
1   1   1   1   1   1   1   1   1   1   1   1   1   1   1   1
1   1   1   1   1   1   1   1   1   1   1   1   1   1   1   1
1   1   1   1   1   1   1   1   1   1   1   1   1   1   1   1   
1   1   1   1   1   1   1   1   1   1   1   1   1   1   1   1
1   1   1   1   1   1   1   1   1   1   1   1   1   1   1   1
1   1   1   1   1   1   1   1   1   1   1   1   1   1   1   1
max :  1
============================================================
============================================================
[0, 3, 0, 0, 0, 4, 0, 2, 0, 1]
begin
2   2   0   1   0   3   2   0   1   0   0   2   1   1   0   1
2   0   1   0   0   0   0   1   1   2   2   2   1   0   3   1
2   1   0   3   2   0   0   0   2   1   1   0   0   2   1   1
2   1   2   0   2   1   1   3   0   0   1   0   2   0   0   1
1   1   1   1   1   1   1   1   1   1   1   1   1   1   1   1
1   1   1   1   1   1   1   1   1   1   1   1   1   1   1   1   
2   0   2   0   0   0   2   0   1   2   0   1   1   2   0   3
2   2   0   1   0   3   2   0   1   0   0   2   1   1   0   1
2   1   2   0   1   0   2   0   0   2   1   0   0   2   0   3
2   1   2   0   2   1   1   3   0   0   1   0   2   0   0   1
2   1   2   0   1   0   2   0   0   2   1   0   0   2   0   3
2   1   0   3   2   0   0   0   2   1   1   0   0   2   1   1
2   0   1   0   0   0   0   1   1   2   2   2   1   0   3   1
2   0   2   0   0   0   2   0   1   2   0   1   1   2   0   3
max :  3
============================================================
============================================================
[0, 0, 3, 0, 0, 0, 4, 0, 0, 0, 1]
begin
3   0   1   0   2   1   1   0   2   0   2   0   1   3   0   0
3   0   0   1   1   2   1   0   0   0   1   3   2   0   0   2   
3   0   2   0   0   0   1   0   0   2   0   1   3   2   1   1
3   0   0   2   0   0   1   0   1   1   3   2   0   1   2   0
2   0   2   2   0   0   2   0   2   0   1   1   1   1   0   2
2   0   2   2   0   0   2   0   2   0   1   1   1   1   0   2
2   3   1   1   0   0   3   0   1   1   0   1   0   1   1   1
3   0   1   0   2   1   1   0   2   0   2   0   1   3   0   0
2   0   1   1   1   1   3   3   1   0   1   0   1   0   0   1
3   0   0   2   0   0   1   0   1   1   3   2   0   1   2   0
2   0   1   1   1   1   3   3   1   0   1   0   1   0   0   1
3   0   2   0   0   0   1   0   0   2   0   1   3   2   1   1
3   0   0   1   1   2   1   0   0   0   1   3   2   0   0   2   
2   3   1   1   0   0   3   0   1   1   0   1   0   1   1   1
max :  3
============================================================
============================================================
[0, 6, 0, 3, 0, 8, 0, 0, 0, 2, 0, 1]
begin
1   1   2   1   0   1   1   1   0   0   3   0   3   0   0   2
1   3   1   0   0   1   0   2   0   0   2   1   1   0   1   3
1   0   0   2   1   0   3   1   1   3   0   1   0   0   2   1
1   0   1   1   3   0   2   0   1   1   1   2   0   0   3   0
1   0   1   1   0   1   1   1   1   0   1   1   0   5   1   1
1   0   1   1   0   1   1   1   1   0   1   1   0   5   1   1
1   1   0   2   2   4   0   0   0   2   0   2   1   1   0   0
1   1   2   1   0   1   1   1   0   0   3   0   3   0   0   2
1   2   2   0   1   0   0   2   4   1   0   0   2   1   0   0   
1   0   1   1   3   0   2   0   1   1   1   2   0   0   3   0
1   2   2   0   1   0   0   2   4   1   0   0   2   1   0   0
1   0   0   2   1   0   3   1   1   3   0   1   0   0   2   1
1   3   1   0   0   1   0   2   0   0   2   1   1   0   1   3
1   1   0   2   2   4   0   0   0   2   0   2   1   1   0   0
max :  5
============================================================
============================================================
[0, 0, 0, 0, 3, 0, 0, 0, 0, 0, 0, 0, 1]
begin
2   0   0   1   0   1   1   1   1   1   0   3   1   0   1   3
2   3   0   0   1   1   0   3   0   1   1   1   1   1   1   0
2   1   1   1   1   3   0   1   3   1   0   1   1   0   0   0
2   0   1   0   0   1   1   1   0   3   3   1   1   1   0   1
1   1   1   1   1   1   1   1   1   1   1   1   1   1   1   1   
1   1   1   1   1   1   1   1   1   1   1   1   1   1   1   1
2   0   0   1   1   0   1   1   1   0   1   1   3   1   3   0
2   0   0   1   0   1   1   1   1   1   0   3   1   0   1   3
2   1   3   1   1   1   1   0   0   1   0   0   3   1   0   1
2   0   1   0   0   1   1   1   0   3   3   1   1   1   0   1
2   1   3   1   1   1   1   0   0   1   0   0   3   1   0   1   
2   1   1   1   1   3   0   1   3   1   0   1   1   0   0   0
2   3   0   0   1   1   0   3   0   1   1   1   1   1   1   0
2   0   0   1   1   0   1   1   1   0   1   1   3   1   3   0
max :  3
============================================================
============================================================
[0, 12, 0, 6, 0, 0, 0, 0, 0, 4, 0, 2, 0, 1]
begin
1   1   0   2   1   2   1   0   3   0   0   1   0   0   0   4   
1   3   1   2   0   1   2   0   1   0   0   0   4   0   1   0
1   1   1   0   2   0   1   4   0   0   2   3   0   0   1   0
1   0   3   0   1   1   0   0   1   0   2   1   0   4   2   0
1   0   0   1   1   1   1   1   0   5   1   0   1   1   1   1
1   0   0   1   1   1   1   1   0   5   1   0   1   1   1   1
1   1   1   2   2   0   0   1   1   1   0   1   1   1   2   1
1   1   0   2   1   2   1   0   3   0   0   1   0   0   0   4
1   1   1   0   0   2   2   1   1   1   2   1   1   1   0   1
1   0   3   0   1   1   0   0   1   0   2   1   0   4   2   0   
1   1   1   0   0   2   2   1   1   1   2   1   1   1   0   1
1   1   1   0   2   0   1   4   0   0   2   3   0   0   1   0
1   3   1   2   0   1   2   0   1   0   0   0   4   0   1   0
1   1   1   2   2   0   0   1   1   1   0   1   1   1   2   1
max :  5
============================================================
============================================================
[0, 0, 12, 0, 0, 0, 0, 0, 0, 0, 4, 0, 0, 0, 1]
begin
1   0   3   1   0   3   1   1   2   1   2   0   1   0   0   0
1   2   0   1   0   0   1   1   1   1   0   0   2   3   3   0
1   0   1   0   0   0   1   3   1   2   3   0   1   1   2   0
1   3   1   3   0   2   2   0   1   1   0   0   1   1   0   0
1   1   1   1   1   1   1   1   1   1   1   1   1   1   1   1
1   1   1   1   1   1   1   1   1   1   1   1   1   1   1   1   
1   0   1   0   3   1   0   0   1   0   0   3   1   1   1   3
1   0   3   1   0   3   1   1   2   1   2   0   1   0   0   0
1   1   0   1   3   0   1   1   0   1   1   3   0   0   0   3
1   3   1   3   0   2   2   0   1   1   0   0   1   1   0   0
1   1   0   1   3   0   1   1   0   1   1   3   0   0   0   3
1   0   1   0   0   0   1   3   1   2   3   0   1   1   2   0
1   2   0   1   0   0   1   1   1   1   0   0   2   3   3   0
1   0   1   0   3   1   0   0   1   0   0   3   1   1   1   3
max :  3
============================================================
============================================================
[0, 11, 0, 0, 0, 0, 0, 0, 0, 8, 0, 0, 0, 2, 0, 1]
begin
4   0   1   0   1   1   0   1   1   1   3   0   0   0   0   3   
4   0   0   1   1   1   0   1   3   0   0   0   3   0   1   1
4   0   1   1   1   0   1   0   3   0   3   0   1   1   0   0
4   0   1   1   0   1   1   0   0   0   1   1   3   0   0   3
4   0   1   1   1   1   0   0   1   1   1   1   1   1   1   1
4   0   1   1   1   1   0   0   1   1   1   1   1   1   1   1
4   1   3   3   1   1   0   1   0   0   1   0   1   0   0   0
4   0   1   0   1   1   0   1   1   1   3   0   0   0   0   3
4   1   1   1   3   3   1   0   1   0   0   0   0   0   0   1
4   0   1   1   0   1   1   0   0   0   1   1   3   0   0   3
4   1   1   1   3   3   1   0   1   0   0   0   0   0   0   1
4   0   1   1   1   0   1   0   3   0   3   0   1   1   0   0
4   0   0   1   1   1   0   1   3   0   0   0   3   0   1   1
4   1   3   3   1   1   0   1   0   0   1   0   1   0   0   0
max :  4